Thread[Thread-1,5,main]
15, 19
15, 18
15, 18
15, 19
15, 18
15, 18
15, 19
15, 17
15, 18
15, 18
15, 17
15, 16
15, 17
15, 18
15, 18
15, 18
15, 17
15, 18
15, 18
15, 18
15, 18
15, 16
15, 18
15, 18
15, 19
15, 19
15, 19
15, 19
15, 18
15, 17
15, 17
15, 17
15, 17
15, 17
15, 17
15, 18
15, 18
15, 18
15, 18
15, 16
15, 18
15, 18
15, 18
15, 19
15, 20
15, 19
15, 18
15, 18
15, 18
15, 18
15, 18
15, 18
15, 18
15, 18
15, 17
15, 17
15, 18
15, 17
15, 17
15, 17
15, 17
15, 17
15, 17
15, 17
15, 18
15, 16
15, 18
15, 17
15, 18
15, 18
15, 18
15, 18
15, 18
15, 18
15, 17
15, 18
15, 16
15, 18
15, 19
15, 19
15, 19
15, 19
15, 19
15, 19
15, 18
15, 19
15, 19
15, 20
15, 19
15, 20
15, 20
15, 20
15, 19
15, 20
15, 19
15, 18
15, 19
15, 19
15, 19
15, 19
15, 18
15, 18
15, 18
15, 18
15, 18
15, 18
15, 18
15, 18
15, 18
15, 18
15, 18
15, 17
15, 18
15, 18
15, 18
15, 18
15, 18
15, 20
15, 19
15, 20
15, 19
15, 20
15, 18
15, 18
15, 20
15, 19
15, 19
15, 19
15, 19
15, 19
15, 19
15, 19
15, 18
15, 20
15, 20
15, 20
15, 18
15, 20
15, -2
15, -1
15, -3
15, -5
15, -5
15, -2
15, -6
15, -5
15, -4
15, -6
15, -6
15, -5
15, -6
15, -4
15, -4
15, -3
15, -3
15, -4
15, -1
15, 1
15, 3
15, 2
15, 1
15, -6
15, -12
15, -20
15, -24
15, -7
15, -4
15, -11
15, -8
15, -2
15, -1
15, -4
15, -1
15, -4
15, -6
15, -9
15, -9
15, -10
15, 0
15, -15
15, -2
15, -15
15, -22
15, -17
15, -14
15, -10
15, -9
15, -8
15, -13
15, -12
15, -6
15, -10
15, -17
15, -15
15, -15
15, -11
15, -5
15, -15
15, -11
15, -10
15, -13
15, -23
15, -14
15, -12
15, -12
15, -15
15, -14
15, -21
15, -19
15, -15
15, -12
15, -10
15, -8
15, -12
15, -14
15, -13
15, -15
15, -14
15, -14
15, -12
15, -13
15, -9
15, -10
15, -10
15, -10
15, -6
15, -6
15, -16
15, -9
15, -6
15, -8
15, -12
15, -8
15, -6
15, -4
15, 0
15, 0
15, -7
15, -1
15, -21
15, -21
15, -15
15, -12
15, -15
15, -19
15, -25
15, -14
15, -21
15, -11
15, -22
15, -13
15, -24
15, -11
15, -10
15, -15
15, -11
15, -12
15, -11
15, -15
15, -14
15, -17
15, -9
15, -11
15, -13
15, -17
15, -14
15, -8
15, -13
15, -17
15, -14
15, -18
15, -14
15, -18
15, -9
15, -11
15, -12
15, -16
15, -19
15, -10
15, -7
15, -13
15, -31
15, -9
15, -18
15, -14
15, -27
15, -9
15, -14
15, -16
15, -16
15, -17
15, -13
15, -10
15, -11
15, -15
15, -20
15, -19
15, -14
15, -18
15, -18
15, -19
15, -16
15, -27
15, -25
15, -29
15, -17
15, -18
15, -20
15, -22
15, -39
15, -20
15, -17
15, -16
15, -19
15, -25
15, -24
15, -19
15, -11
15, -25
15, -19
15, -17
15, -21
15, -31
15, -23
15, -17
15, -17
15, -11
15, -24
15, -28
15, -21
15, -15
15, -9
15, -24
15, -21
15, -15
15, -14
15, -14
15, -11
15, -22
15, -19
15, -30
15, -24
15, -24
15, -27
15, -31
15, -30
15, -27
15, -25
15, -27
15, -27
15, -29
15, -30
15, -31
15, -30
15, -32
15, -31
15, -30
15, -30
15, -30
15, -31
15, -32
15, -32
15, -33
15, -34
15, -36
15, -23
15, -16
15, -22
15, -20
15, -20
15, -21
15, -15
15, -15
15, -12
15, -17
15, -18
15, -33
15, -38
15, -22
15, -32
15, -19
15, -19
15, -26
15, -28
15, -23
15, -19
15, -25
15, -40
15, -21
15, -22
15, -19
15, -25
15, -23
15, -23
15, -25
15, -23
15, -29
15, -21
15, -22
15, -25
15, -19
15, -28
15, -22
15, -18
15, -20
15, -21
15, -25
15, -23
15, -19
15, -20
15, -21
15, -17
15, -17
15, -16
15, -19
15, -20
15, -19
15, -19
15, -20
15, -19
15, -19
15, -21
15, -23
15, -30
15, -34
15, -30
15, -30
15, -27
15, -23
15, -19
15, -16
15, -17
15, -20
15, -13
15, -21
15, -23
15, -26
15, -21
15, -34
15, -35
15, -17
15, -26
15, -34
15, -19
15, -19
15, -21
15, -17
15, -30
15, -23
15, -17
15, -23
15, -20
15, -29
15, -24
15, -20
15, -19
15, -19
15, -19
15, -19
15, -17
15, -16
15, -17
15, -11
15, -18
15, -19
15, -19
15, -21
15, -18
15, -17
15, -17
15, -21
15, -21
15, -21
15, -21
15, -20
15, -24
15, -17
15, -15
15, -17
15, -14
15, -15
15, -14
15, -11
15, -13
15, -11
15, -14
15, -15
15, -11
15, -13
15, -15
15, -17
15, -15
15, -21
15, -25
15, -26
15, -19
15, -18
15, -31
15, -20
15, -17
15, -21
15, -17
15, -36
15, -10
15, -18
15, -19
15, -22
15, -18
15, -19
15, -25
15, -22
15, -16
15, -26
15, -15
15, -10
15, -12
15, -11
15, -16
15, -7
15, -7
15, -11
15, -11
15, -12
15, -15
15, -9
15, -25
15, -10
15, -9
15, -23
15, -19
15, -9
15, -15
15, -10
15, -12
15, -12
15, -9
15, -10
15, -14
15, -12
15, -11
15, -7
15, -13
15, -6
15, -6
15, -1
15, -15
15, -9
15, -13
15, -8
15, -14
15, -12
15, -11
15, -11
15, -10
15, -10
15, -14
15, -18
15, -10
15, -16
15, -10
15, -9
15, -8
15, -6
15, -12
15, -9
15, -8
15, 0
15, -15
15, 2
15, 3
15, -27
15, 1
15, -1
15, -4
15, 4
15, 0
15, 0
15, 3
15, -8
15, -2
15, 1
15, 2
15, 5
15, 1
15, 3
15, 8
15, 6
15, 4
15, 4
15, 6
15, 6
15, 4
15, 4
15, 7
15, 14
15, 17
15, 18
15, 20
15, 18
15, 22
15, 24
15, 25
15, 23
15, 23
15, 18
15, 15
15, 22
15, 18
15, 21
15, 21
15, 23
15, 24
15, 24
15, 25
15, 25
15, 29
15, 28
15, 21
15, 20
15, 17
15, 15
15, 15
15, 5
15, 19
15, 28
15, 34
15, 36
15, 35
15, 35
15, 36
15, 36
15, 27
15, 19
15, 14
15, 12
15, 9
15, 5
15, 8
15, 12
15, 7
15, 4
15, 3
15, 6
15, 6
15, 5
15, -1
15, 1
15, -14
15, -3
15, -11
15, -11
15, -12
15, 0
15, 6
15, -13
15, 2
15, -2
15, -6
15, 1
15, 1
15, 2
15, 5
15, 2
15, 1
15, 1
15, 1
15, -2
15, -11
15, -5
15, 2
15, 3
15, 0
15, -3
15, -11
15, -3
15, 2
15, -8
15, 0
15, 2
15, -9
15, 3
15, 3
15, -22
15, -1
15, -11
15, -9
15, -3
15, -12
15, -13
15, 0
15, 1
15, -6
15, -13
15, -10
15, -7
15, -6
15, -5
15, 0
15, -8
15, -28
15, -13
15, -2
15, -10
15, -9
15, 0
15, -10
15, -4
15, -13
15, 4
15, 2
15, -1
15, 6
15, 5
15, 4
15, 6
15, 6
15, 2
15, 2
15, 1
15, -13
15, -6
15, -9
15, 0
15, -5
15, -3
15, -10
15, -9
15, -11
15, -8
15, 1
15, 4
15, 5
15, 4
15, 6
15, 5
15, -4
15, -8
15, 0
15, 4
15, 3
15, -5
15, -2
15, 0
15, 1
15, 1
15, -11
15, -3
15, -8
15, 0
15, -1
15, -5
15, -1
15, -9
15, -15
15, -11
15, -10
15, -6
15, 2
15, 3
15, 1
15, 1
15, -3
15, 1
15, 0
15, 1
15, -1
15, -5
15, -8
15, 0
15, 2
15, -4
15, -14
15, -12
15, -10
15, -19
15, -10
15, -13
15, -5
15, -9
15, -10
15, -7
15, -5
15, -1
15, -10
15, -10
15, -23
15, -8
15, 0
15, -11
15, -32
15, -19
15, -6
15, -1
15, -9
15, -9
15, -13
15, -25
15, -11
15, -11
15, -10
15, -13
15, -11
15, -6
15, -6
15, -21
15, -24
15, -8
15, -13
15, -14
15, -8
15, -31
15, -12
15, -25
15, -9
15, -13
15, -11
15, -9
15, -4
15, -1
15, -1
15, 4
15, 4
15, 2
15, -14
15, -9
15, -13
15, -1
15, -6
15, -14
15, -5
15, -8
15, -9
15, -16
15, -21
15, -13
15, -12
15, -14
15, -13
15, -14
15, -15
15, -14
15, -9
15, -10
15, -11
15, -15
15, -17
15, -17
15, -17
15, -17
15, -19
15, -19
15, -19
15, -19
15, -19
15, -19
15, -20
15, -19
15, -19
15, -19
15, -19
15, -19
15, -21
15, -29
15, -29
15, -25
15, -23
15, -19
15, -21
15, -19
15, -19
15, -19
15, -17
15, -19
15, -19
15, -17
15, -19
15, -17
15, -17
15, -15
15, -19
15, -20
15, -17
15, -15
15, -15
15, -15
15, -16
15, -15
15, -16
15, -18
15, -17
15, -15
15, -15
15, -15
15, -15
15, -15
15, -15
15, -15
15, -15
15, -15
15, -17
15, -19
15, -21
15, -28
15, -33
15, -30
15, -38
15, -30
15, -16
15, -20
15, -15
15, -9
15, -14
15, -11
15, -9
15, -9
15, -10
15, -8
15, -9
15, -9
15, -10
15, -9
15, -11
15, -12
15, -13
15, -13
15, -13
15, -13
15, -13
15, -13
15, -12
15, -10
15, -11
15, -8
15, -6
15, -30
15, -19
15, -17
15, -18
15, -18
15, -13
15, -13
15, -14
15, -17
15, -14
15, -15
15, -18
15, -17
15, -15
15, -11
15, -10
15, -11
15, -14
15, -10
15, -12
15, -8
15, 3
15, 6
15, 8
15, 14
15, 16
15, 10
15, 3
15, -1
15, -4
15, -13
15, -17
15, -17
15, -21
15, -24
15, -20
15, -25
15, -25
15, -23
15, -25
15, -27
15, -31
15, -29
15, -31
15, -35
15, -36
15, -29
15, -25
15, -21
15, -17
15, -19
15, -23
15, -19
15, -28
15, -18
15, -2
15, -6
15, -2
15, -13
15, -15
15, -11
15, -19
15, -19
15, -29
15, -23
15, -27
15, -23
15, -15
15, -19
15, -17
15, -19
15, -24
15, -15
15, -26
15, -19
15, -18
15, -17
15, -13
15, -19
15, -17
15, -21
15, -19
15, -13
15, -6
15, -13
15, -10
15, -18
15, -22
15, -17
15, -19
15, -20
15, -17
15, -14
15, -10
15, -15
15, -13
15, -10
15, -19
15, -5
15, 0
15, -1
15, -4
15, -4
15, -19
15, -14
15, -10
15, -13
15, -13
15, -12
15, -18
15, -13
15, -10
15, -8
15, -7
15, -9
15, -11
15, -13
15, -14
15, -17
15, -12
15, -4
15, -2
15, -2
15, -11
15, -4
15, -6
15, -10
15, -11
15, -11
15, -14
15, -8
15, 0
15, -10
15, -21
15, -15
15, -11
15, -17
15, -15
15, -14
15, -14
15, -19
15, -13
15, -9
15, -19
15, -34
15, -14
15, -19
15, -25
15, -17
15, -13
15, -10
15, -15
15, -17
15, -11
15, -18
15, -15
15, -19
15, -17
15, -17
15, -21
15, -23
15, -24
15, -15
15, -20
15, -16
15, -17
15, -11
15, -17
15, -17
15, -30
15, -16
15, -29
15, -19
15, -23
15, -31
15, -23
15, -29
15, -22
15, -32
15, -15
15, -20
15, -21
15, -35
15, -19
15, -24
15, -18
15, -29
15, -32
15, -16
15, -17
15, -17
15, -20
15, -19
15, -19
15, -27
15, -29
15, -39
15, -37
15, -40
15, -27
15, -31
15, -36
15, -25
15, -43
15, -34
15, -25
15, -20
15, -27
15, -25
15, -28
15, -19
15, -32
15, -28
15, -26
15, -21
15, -26
15, -33
15, -33
15, -26
15, -33
15, -44
15, -34
15, -33
15, -32
15, -29
15, -34
15, -32
15, -36
15, -31
15, -30
15, -38
15, -32
15, -24
15, -31
15, -24
15, -29
15, -20
15, -28
15, -26
15, -35
15, -28
15, -35
15, -37
15, -38
15, -33
15, -34
15, -27
15, -37
15, -20
15, -37
15, -41
15, -30
15, -27
15, -34
15, -32
15, -34
15, -38
15, -39
15, -33
15, -21
15, -30
15, -21
15, -28
15, -31
15, -25
15, -33
15, -38
15, -26
15, -22
15, -30
15, -25
15, -22
15, -28
15, -25
15, -31
15, -34
15, -31
15, -22
15, -36
15, -24
15, -37
15, -30
15, -26
15, -34
15, -26
15, -23
15, -20
15, -17
15, -19
15, -23
15, -30
15, -20
15, -21
15, -29
15, -22
15, -20
15, -21
15, -21
15, -21
15, -22
15, -18
15, -17
15, -21
15, -24
15, -10
15, -19
15, -20
15, -25
15, -15
15, -17
15, -19
15, -27
15, -26
15, -17
15, -19
15, -21
15, -36
15, -22
15, -21
15, -17
15, -22
15, -23
15, -20
15, -20
15, -19
15, -22
15, -21
15, -29
15, -21
15, -23
15, -23
15, -22
15, -21
15, -19
15, -19
15, -29
15, -19
15, -19
15, -13
15, -13
15, -16
15, -12
15, -19
15, -23
15, -22
15, -21
15, -29
15, -25
15, -22
15, -17
15, -21
15, -14
15, -19
15, -17
15, -29
15, -13
15, -15
15, -21
15, -17
15, -32
15, -14
15, -23
15, -18
15, -11
15, -8
15, -8
15, -10
15, -9
15, -12
15, -9
15, -8
15, -2
15, -5
15, -20
15, -1
15, -4
15, -6
15, -9
15, 1
15, 0
15, -15
15, -9
15, -6
15, 2
15, 8
15, 8
15, 8
15, 18
15, -6
15, -5
15, -4
15, -6
15, -7
15, -7
15, -5
15, -7
15, -6
15, -4
15, -4
15, -6
15, -6
15, -5
15, -6
15, -6
15, -5
15, -1
15, 1
15, 2
15, 3
15, 3
15, 0
15, -14
15, -11
15, -10
15, -9
15, 0
15, -11
15, -8
15, 0
15, -6
15, -10
15, -10
15, 6
15, -1
15, -9
15, -1
15, 7
15, 3
15, 6
15, 12
15, 14
15, 13
15, 10
15, 14
15, 14
15, 12
15, 15
15, 14
15, 15
15, 13
15, 14
15, 13
15, 15
15, 4
15, 2
15, 8
15, 12
15, 14
15, 15
15, 14
15, 14
15, 14
15, 14
15, 13
15, 13
15, 13
15, 13
15, 14
15, 14
15, 14
15, 14
15, 14
15, 14
15, 14
15, 16
15, 15
15, 14
15, 14
15, 14
15, 14
15, 14
15, 14
15, 13
15, 14
15, 15
15, 16
15, 15
15, 15
15, 14
15, 14
15, 14
15, 14
15, 14
15, 15
15, 15
15, 14
15, 14
15, 15
15, 15
15, 14
15, 15
15, 16
15, 15
15, 15
15, 15
15, 15
15, 15
15, 15
15, 16
15, 15
15, 15
15, 15
15, 15
15, 15
15, 15
15, 15
15, 15
15, 14
15, 15
15, 15
15, 15
15, 15
15, 15
15, 15
15, 15
15, 15
15, 15
15, 15
15, 15
15, 14
15, 11
15, -10
15, -5
15, 0
15, -10
15, -11
15, -8
15, -10
15, -13
15, -11
15, 1
15, -1
15, -4
15, 2
15, 6
15, -30
15, -6
15, 5
15, 4
15, 12
15, 13
15, 14
15, 12
15, 12
15, -1
15, -2
15, -13
15, -3
15, -17
15, -8
15, -8
15, -12
15, -7
15, -16
15, -1
15, -6
15, 6
15, 13
15, 8
15, 12
15, 13
15, 14
15, 10
15, 13
15, 15
15, 14
15, 10
15, 6
15, 12
15, 8
15, 15
15, 14
15, 8
15, 12
15, 7
15, 8
15, 11
15, 8
15, 15
15, 13
15, 21
15, 20
15, 20
15, 19
15, 18
15, 18
15, 20
15, 15
15, 14
15, 6
15, -2
15, -14
15, -24
15, -15
15, -1
15, -5
15, -1
15, 0
15, -1
15, -2
15, -12
15, -12
15, -7
15, -6
15, 6
15, 6
15, 12
15, 14
15, 12
15, 5
15, 0
15, -9
15, -8
15, -14
15, -10
15, -12
15, -11
15, -10
15, -13
15, -10
15, -15
15, -15
15, -14
15, -11
15, -9
15, -14
15, -14
15, -13
15, -13
15, -13
15, -10
15, -11
15, -20
15, -13
15, -9
15, -13
15, 0
15, -16
15, -8
15, -9
15, -8
15, -7
15, -12
15, 7
15, 6
15, 8
15, 6
15, 12
15, 8
15, 5
15, -4
15, 0
15, 0
15, 0
15, 0
15, 0
15, 1
15, 2
15, 2
15, 3
15, 3
15, 0
15, -7
15, -15
15, -7
15, 2
15, 6
15, 14
15, 13
15, 14
15, 14
15, 15
15, 16
15, 14
15, 13
15, 13
15, 13
15, 12
15, 14
15, 13
15, 14
15, 14
15, 14
15, 13
15, 13
15, 14
15, 14
15, 14
15, 14
15, 14
15, 14
15, 12
15, 14
15, 14
15, 13
15, 14
15, 14
15, 14
15, 13
15, 12
15, 13
15, 13
15, 14
15, 13
15, 13
15, 13
15, 12
15, 9
15, 8
15, 11
15, 12
15, 12
15, 12
15, 12
15, 12
15, 12
15, 12
15, 12
15, 12
15, 12
15, 12
15, 12
15, 12
15, 12
15, 12
15, 12
15, 12
15, 13
15, 12
15, 10
15, 12
15, 12
15, 12
15, 12
15, 12
15, 12
15, 12
15, 12
15, 12
15, 12
15, 12
15, 13
15, 13
15, 13
15, 12
15, 12
15, 12
15, 8
15, 8
15, 8
15, 8
15, 8
15, 12
15, 12
15, 13
15, 13
15, 14
15, 14
15, 13
15, 12
15, 12
15, 13
15, 12
15, 12
15, 12
15, 13
15, 13
15, 13
15, 13
15, 13
15, 14
15, 13
15, 12
15, 10
15, 13
15, 13
15, 12
15, 12
15, 12
15, 13
15, 12
15, 12
15, 11
15, 12
15, 13
15, 12
15, 14
15, 13
15, 14
15, 13
15, 14
15, 13
15, 14
15, 13
15, 13
15, 14
15, 14
15, 15
15, 15
15, 13
15, 9
15, 12
15, 12
15, 10
15, 8
15, 12
15, 13
15, 13
15, 14
15, 15
15, 16
15, 15
15, 15
15, 14
15, 14
15, 14
15, 14
15, 13
15, 13
15, 13
15, 13
15, 14
15, 14
15, 14
15, 14
15, 14
15, 13
15, 14
15, 13
15, 13
15, 14
15, 13
15, 14
15, 13
15, 13
15, 14
15, 14
15, 13
15, 13
15, 14
15, 13
15, 14
15, 14
15, 14
15, 14
15, 14
15, 13
15, 14
15, 14
15, 13
15, 14
15, 15
15, 16
15, 14
15, 14
15, 14
15, 15
15, 14
15, 13
15, 12
15, 14
15, 14
15, 12
15, 10
15, 13
15, 14
15, 12
15, 15
15, 13
15, 3
15, 6
15, 14
15, 10
15, 1
15, 0
15, 3
15, 2
15, 3
15, 1
15, 1
15, 3
15, 12
15, 8
15, -16
15, -4
15, -5
15, -2
15, -2
15, -6
15, -6
15, -10
15, -10
15, -9
15, 0
15, 4
15, 2
15, -17
15, 0
15, 0
15, 2
15, 0
15, -10
15, -3
15, 10
15, 14
15, 13
15, 13
15, 14
15, 13
15, 6
15, 6
15, 8
15, 8
15, 7
15, 7
15, 7
15, 8
15, 11
15, 14
15, 17
15, 16
15, 15
15, 15
15, 15
15, 15
15, 15
15, 16
15, 16
15, 14
15, 16
15, 16
15, 16
15, 16
15, 16
15, 16
15, 16
15, 16
15, 16
15, 16
15, 15
15, 16
15, 15
15, 16
15, 4
15, 4
15, 4
15, 4
15, 2
15, 4
15, 3
15, 4
15, 4
15, 4
15, 4
15, 4
15, 4
15, 4
15, 4
15, 4
15, 4
15, 4
15, 4
15, 4
15, 4
15, 4
15, 4
15, 4
15, 4
15, 4
15, 4
15, 5
15, 3
15, 4
15, -6
15, 9
15, 12
15, 12
15, 10
15, -1
15, -4
15, 0
15, 0
15, 2
15, 3
15, 7
15, 9
15, 7
15, 7
15, 4
15, -7
15, -8
15, 0
15, 2
15, 2
15, -4
15, 6
15, 8
15, 4
15, -2
15, 3
15, 7
15, 5
15, 7
15, 8
15, 12
15, 0
15, -5
15, 5
15, 5
15, 2
15, 2
15, 2
15, -10
15, 1
15, -8
15, -10
15, -1
15, -1
15, -6
15, -10
15, -17
15, -11
15, -19
15, -9
15, -14
15, -5
15, -6
15, -6
15, -17
15, -11
15, -6
15, 4
15, 4
15, 3
15, -1
15, -4
15, -9
15, -13
15, -8
15, -9
15, -14
15, -10
15, -11
15, 6
15, 6
15, 6
15, 7
15, 8
15, 6
15, 1
15, 6
15, 5
15, -7
15, 0
15, -8
15, 2
15, 1
15, -6
15, 0
15, 2
15, -3
15, -1
15, -1
15, -1
15, -26
15, 0
15, -2
15, 1
15, 1
15, -4
15, -5
15, -9
15, -8
15, -19
15, -13
15, -5
15, -10
15, -6
15, -4
15, -3
15, 0
15, 8
15, 13
15, 16
15, 17
15, 16
15, 16
15, 18
15, 19
15, 20
15, 21
15, 19
15, 15
15, 6
15, -2
15, 1
15, 1
15, -10
15, -10
15, -10
15, -12
15, -12
15, -12
15, -24
15, -23
15, -18
15, -25
15, -10
15, -5
15, -6
15, -7
15, -5
15, -6
15, -8
15, -22
15, -12
15, -14
15, -11
15, -12
15, -13
15, -8
15, -10
15, -10
15, -11
15, -10
15, 4
15, 4
15, 4
15, 8
15, 12
15, 13
15, 14
15, 15
15, 16
15, 16
15, 15
15, 15
15, 15
15, 8
15, -11
15, 2
15, 2
15, 0
15, -10
15, -13
15, -9
15, -8
15, -5
15, -13
15, -11
15, -13
15, -16
15, -14
15, -10
15, -16
15, -17
15, -18
15, -17
15, -19
15, -24
15, -27
15, -23
15, -29
15, -13
15, -15
15, -8
15, -9
15, -11
15, -14
15, -6
15, -11
15, -13
15, -10
15, -2
15, -17
15, 7
15, 16
15, 16
15, 16
15, 16
15, 16
15, 16
15, 16
15, 16
15, 16
15, 17
15, 14
15, 4
15, -9
15, -13
15, -10
15, -6
15, -8
15, -18
15, -10
15, -14
15, -15
15, -11
15, -11
15, -9
15, -14
15, -13
15, -9
15, -13
15, -13
15, -13
15, -14
15, -17
15, -13
15, -11
15, -14
15, -14
15, -16
15, -1
15, -12
15, -12
15, 0
15, -11
15, -13
15, 4
15, 3
15, 6
15, 6
15, 8
15, 16
15, 17
15, 17
15, 6
15, 2
15, 4
15, 10
15, 13
15, 14
15, 14
15, 12
15, 11
15, 8
15, 12
15, 14
15, 12
15, 6
15, 4
15, 14
15, 17
15, 15
15, 5
15, 8
15, 8
15, 8
15, 8
15, 10
15, 8
15, 10
15, 8
15, 8
15, 8
15, 7
15, 8
15, 8
15, 8
15, 8
15, 7
15, 11
15, 8
15, 8
15, 7
15, 6
15, 5
15, 7
15, 10
15, 8
15, 8
15, 8
15, 12
15, 9
15, 12
15, 8
15, 9
15, 8
15, 8
15, 11
15, 8
15, 8
15, 9
15, 10
15, 11
15, 11
15, 8
15, 12
15, 11
15, 12
15, 12
15, 12
15, 12
15, 12
15, 12
15, 12
15, 12
15, 12
15, 12
15, 12
15, 12
15, 12
15, 12
15, 12
15, 12
15, 12
15, 12
15, 12
15, 12
15, 12
15, 12
15, 12
15, 12
15, 12
15, 12
15, 12
15, 12
15, 12
15, 12
15, 8
15, 6
15, 8
15, 12
15, 11
15, 8
15, 11
15, 7
15, 9
15, 12
15, 12
15, 12
15, 12
15, 12
15, 12
15, 12
15, 12
15, 10
15, 12
15, 11
15, 12
15, 10
15, 10
15, 10
15, 10
15, 10
15, 10
15, 10
15, 12
15, 11
15, 12
15, 9
15, 12
15, 10
15, 10
15, 11
15, 12
15, 9
15, 12
15, 10
15, 11
15, 10
15, 8
15, 12
15, 12
15, 9
15, 8
15, 8
15, 8
15, 9
15, 9
15, 10
15, 9
15, 8
15, 12
15, 8
15, 12
15, 11
15, 9
15, 8
15, 9
15, 9
15, 9
15, 9
15, 8
15, 12
15, 12
15, 9
15, 8
15, 8
15, 10
15, 9
15, 11
15, 12
15, 12
15, 12
15, 13
15, 13
15, 14
15, 14
15, 13
15, 12
15, 12
15, 10
15, 9
15, 8
15, 8
15, 8
15, 8
15, 8
15, 8
15, 8
15, 11
15, 8
15, 8
15, 6
15, 5
15, 6
15, 6
15, 9
15, 5
15, 6
15, 6
15, 7
15, 6
15, 6
15, 6
15, 6
15, 7
15, 7
15, 8
15, 10
15, 8
15, 8
15, 8
15, 8
15, 11
15, 11
15, 8
15, 7
15, 7
15, 8
15, 7
15, 8
15, 7
15, 7
15, 8
15, 10
15, 8
15, 8
15, 8
15, 7
15, 8
15, 8
15, 7
15, 10
15, 8
15, 10
15, 8
15, 8
15, 8
15, 8
15, 8
15, 10
15, 8
15, 8
15, 8
15, 8
15, 8
15, 8
15, 8
15, 7
15, 8
15, 7
15, 7
15, 8
15, 8
15, 8
15, 7
15, 8
15, 8
15, 8
15, 8
15, 10
15, 8
15, 8
15, 7
15, 6
15, 7
15, 8
15, 6
15, 8
15, 8
15, 9
15, 12
15, 8
15, 8
15, 8
15, 8
15, 8
15, 8
15, 6
15, 7
15, 12
15, 11
15, 8
15, 8
15, 11
15, 8
15, 8
15, 8
15, 8
15, 8
15, 8
15, 8
15, 8
15, 8
15, 7
15, 8
15, 10
15, 8
15, 8
15, 8
15, 8
15, 8
15, 8
15, 8
15, 10
15, 8
15, 8
15, 8
15, 8
15, 8
15, 10
15, 10
15, 8
15, 10
15, 8
15, 8
15, 8
15, 8
15, 8
15, 8
15, 8
15, 9
15, 9
15, 8
15, 8
15, 12
15, 6
15, -14
15, 1
15, -10
15, 7
15, 8
15, -6
15, -1
15, 16
15, 22
15, 21
15, 8
15, -12
15, -14
15, -12
15, 0
15, -9
15, -1
15, 8
15, 12
15, 16
15, 16
15, 15
15, 16
15, 15
15, 14
15, 14
15, 14
15, 14
15, 14
15, 14
15, 12
15, 12
15, 14
15, 13
15, 13
15, 13
15, 14
15, 6
15, 12
15, 7
15, 2
15, 16
15, 16
15, 18
15, 20
15, 21
15, 22
15, 24
15, 21
15, 22
15, 21
15, 22
15, 13
15, 17
15, 19
15, 22
15, 22
15, 25
15, 28
15, 26
15, 27
15, 27
15, 26
15, 27
15, 25
15, 16
15, 15
15, 19
15, 19
15, 19
15, 20
15, 20
15, 17
15, 3
15, 8
15, 21
15, 20
15, 16
15, 6
15, 8
15, -2
15, 2
15, -1
15, -9
15, -20
15, -9
15, -15
15, -21
15, -11
15, -11
15, -20
15, -17
15, -22
15, -44
15, -39
15, -39
15, -32
15, -32
15, -26
15, -32
15, -33
15, -31
15, -32
15, -31
15, -30
15, -29
15, -29
15, -26
15, -23
15, -19
15, -15
15, -14
15, -12
15, -10
15, -10
15, -10
15, -11
15, -10
15, -13
15, -13
15, -12
15, -14
15, -9
15, -15
15, -13
15, -13
15, -13
15, -13
15, -12
15, -11
15, -11
15, -11
15, -11
15, -10
15, -10
15, -13
15, -24
15, -38
15, -31
15, -33
15, -42
15, -32
15, -32
15, -35
15, -34
15, -34
15, -37
15, -37
15, -37
15, -38
15, -38
15, -37
15, -35
15, -34
15, -33
15, -34
15, -34
15, -34
15, -33
15, -33
15, -34
15, -32
15, -33
15, -33
15, -33
15, -35
15, -35
15, -35
15, -37
15, -37
15, -38
15, -38
15, -37
15, -38
15, -37
15, -37
15, -37
15, -37
15, -37
15, -38
15, -33
15, -33
15, -31
15, -31
15, -31
15, -32
15, -33
15, -37
15, -38
15, -37
15, -36
15, -36
15, -37
15, -36
15, -37
15, -35
15, -34
15, -33
15, -28
15, -31
15, -45
15, -40
15, -35
15, -38
15, -34
15, -35
15, -34
15, -34
15, -34
15, -33
15, -34
15, -36
15, -37
15, -40
15, -32
15, -31
15, -29
15, -32
15, -33
15, -36
15, -38
15, -36
15, -34
15, -30
15, -29
15, -30
15, -30
15, -30
15, -31
15, -32
15, -30
15, -29
15, -29
15, -29
15, -28
15, -27
15, -28
15, -27
15, -28
15, -27
15, -27
15, -27
15, -28
15, -28
15, -28
15, -28
15, -27
15, -27
15, -27
15, -27
15, -27
15, -27
15, -27
15, -27
15, -27
15, -28
15, -28
15, -29
15, -28
15, -29
15, -28
15, -29
15, -28
15, -29
15, -30
15, -36
15, -32
15, -33
15, -39
15, -40
15, -38
15, -45
15, -42
15, -37
15, -34
15, -37
15, -40
15, -41
15, -30
15, -30
15, -35
15, -31
15, -25
15, -31
15, -18
15, -18
15, -19
15, -19
15, -19
15, -19
15, -18
15, -18
15, -17
15, -18
15, -18
15, -18
15, -18
15, -18
15, -18
15, -18
15, -19
15, -19
15, -19
15, -18
15, -18
15, -17
15, -18
15, -18
15, -18
15, -17
15, -17
15, -19
15, -19
15, -19
15, -17
15, -18
15, -18
15, -18
15, -19
15, -18
15, -17
15, -17
15, -17
15, -17
15, -17
15, -17
15, -17
15, -18
15, -17
15, -17
15, -17
15, -18
15, -17
15, -17
15, -17
15, -17
15, -17
15, -18
15, -17
15, -18
15, -17
15, -17
15, -18
15, -17
15, -17
15, -17
15, -17
15, -17
15, -17
15, -17
15, -17
15, -17
15, -17
15, -17
15, -18
15, -18
15, -18
15, -17
15, -17
15, -17
15, -17
15, -17
15, -17
15, -17
15, -17
15, -17
15, -17
15, -17
15, -17
15, -17
15, -17
15, -17
15, -17
15, -17
15, -17
15, -17
15, -17
15, -17
15, -17
15, -17
15, -17
15, -17
15, -17
15, -17
15, -17
15, -17
15, -18
15, -17
15, -18
15, -17
15, -17
15, -17
15, -18
15, -17
15, -17
15, -17
15, -17
15, -17
15, -17
15, -17
15, -17
15, -17
15, -17
15, -17
15, -17
15, -17
15, -17
15, -17
15, -17
15, -17
15, -17
15, -17
15, -17
15, -17
15, -17
15, -17
15, -17
15, -17
15, -17
15, -17
15, -17
15, -17
15, -19
15, -17
15, -17
15, -17
15, -17
15, -17
15, -17
15, -17
15, -17
15, -17
15, -18
15, -17
15, -17
15, -17
15, -17
15, -17
15, -17
15, -17
15, -18
15, -17
15, -17
15, -17
15, -17
15, -17
15, -17
15, -17
15, -17
15, -17
15, -17
15, -17
15, -17
15, -17
15, -17
15, -17
15, -17
15, -18
15, -17
15, -17
15, -17
15, -17
15, -17
15, -17
15, -17
15, -17
15, -17
15, -17
15, -17
15, -17
15, -17
15, -17
15, -17
15, -17
15, -17
15, -17
15, -18
15, -17
15, -17
15, -17
15, -18
15, -17
15, -17
15, -17
15, -18
15, -17
15, -17
15, -18
15, -17
15, -17
15, -18
15, -17
15, -18
15, -17
15, -17
15, -17
15, -17
15, -17
15, -17
15, -17
15, -18
15, -17
15, -17
15, -17
15, -17
15, -17
15, -18
15, -17
15, -18
15, -17
15, -17
15, -17
15, -17
15, -17
15, -18
15, -17
15, -18
15, -17
15, -18
15, -17
15, -18
15, -17
15, -17
15, -17
15, -18
15, -18
15, -17
15, -18
15, -17
15, -19
15, -17
15, -17
15, -17
15, -17
15, -17
15, -17
15, -17
15, -17
15, -17
15, -17
15, -17
15, -17
15, -17
15, -17
15, -19
15, -19
15, -17
15, -17
15, -17
15, -17
15, -18
15, -18
15, -17
15, -17
15, -18
15, -18
15, -17
15, -17
15, -17
15, -17
15, -17
15, -17
15, -17
15, -17
15, -17
15, -17
15, -17
15, -17
15, -17
15, -18
15, -17
15, -17
15, -17
15, -18
15, -17
15, -17
15, -17
15, -17
15, -18
15, -17
15, -17
15, -19
15, -15
15, -15
15, -16
15, -17
15, -17
15, -17
15, -17
15, -17
15, -17